kinematics:
  shoulder:
    x: 0
    y: 0
    z: 0.1518141028528811
    roll: -0
    pitch: 0
    yaw: -8.072101899056493e-08
  upper_arm:
    x: -0.0001062979338375496
    y: 0
    z: 0
    roll: 1.568064804791023
    pitch: 0
    yaw: -9.497291309868862e-06
  forearm:
    x: -0.2438074395362441
    y: 0
    z: 0
    roll: 0.005386717269828795
    pitch: 0.001501849249622697
    yaw: -5.349775153677477e-07
  wrist_1:
    x: -0.2134185502698493
    y: -0.0009687798835147486
    z: 0.131088446414478
    roll: 0.007390142103049631
    pitch: -0.001233119158365044
    yaw: -3.417343323986904e-06
  wrist_2:
    x: 1.398538002295247e-05
    y: -0.08534247763901165
    z: 5.433305156824026e-06
    roll: 1.570732662072477
    pitch: 0
    yaw: 1.988388908061301e-05
  wrist_3:
    x: -0.0001388500457910602
    y: 0.09217258112357603
    z: -0.0001064071462277674
    roll: 1.569641893473615
    pitch: 3.141592653589793
    yaw: 3.141592479135097
  hash: calib_8999255340950484458