<<<<<<< HEAD
image_width: 1920
image_height: 1080
=======
image_width: 1024
image_height: 768
>>>>>>> 9e3fc93 (yes)
camera_name: logitech_webcam
camera_matrix:
  rows: 3
  cols: 3
<<<<<<< HEAD
  data: [969.2624963232439, 0, 626.4323551504667, 0, 965.1341514357682, 366.21249708948653, 0, 0, 1]
=======
  data: [1446.724, 0, 512, 0, 1446.724, 384, 0, 0, 1]
>>>>>>> 9e3fc93 (yes)
distortion_model: plumb_bob
distortion_coefficients:
  rows: 1
  cols: 5
<<<<<<< HEAD
  data: [0.04752745701015954, -0.21721684773566707, 0.0005240382776260281, 0.0015330224206097454, 0.18914965053470192]
=======
  data: [0.0467735, -0.0744844, 0, 0, 0]
>>>>>>> 9e3fc93 (yes)
rectification_matrix:
  rows: 3
  cols: 3
  data: [1, 0, 0, 0, 1, 0, 0, 0, 1]
projection_matrix:
  rows: 3
  cols: 4
  data: [969.2624963232439, 0, 626.4323551504667, 0, 0, 965.1341514357682, 366.21249708948653, 0, 0, 0, 1, 0]